4294967294,0
4294967278,416
4294967294,6
4294967278,132
4294967278,359
4294967278,131
4294967278,435
4294967278,130
4294967278,129
4294967278,239
4294967278,128
4294967278,127
4294967278,126
4294967278,284
4294967278,125
4294967278,124
4294967278,123
4294967278,119
4294967278,118
4294967278,243
4294967278,117
4294967278,116
4294967278,115
4294967278,114
4294967278,113
4294967278,318
4294967278,112
4294967278,111
4294967278,110
4294967278,109
4294967278,333
4294967278,108
4294967278,225
4294967278,107
4294967278,332
4294967278,106
4294967278,338
4294967278,105
4294967278,104
4294967278,103
4294967278,102
4294967278,101
4294967278,100
4294967278,99
4294967278,98
4294967278,343
4294967278,97
4294967278,351
4294967278,96
4294967278,360
4294967278,95
4294967278,94
4294967278,280
4294967278,93
4294967278,92
4294967278,91
4294967278,90
4294967278,89
4294967278,87
4294967278,86
4294967278,85
4294967278,84
4294967278,311
4294967278,83
4294967278,291
4294967278,82
4294967278,391
4294967278,81
4294967278,392
4294967278,80
4294967278,445
4294967278,79
4294967278,279
4294967278,78
4294967278,77
4294967278,76
4294967278,403
4294967278,75
4294967278,74
4294967278,73
4294967278,300
4294967278,72
4294967278,365
4294967278,71
4294967278,330
4294967278,70
4294967278,304
4294967278,69
4294967278,369
4294967278,68
4294967278,358
4294967278,67
4294967278,66
4294967278,426
4294967278,65
4294967278,402
4294967278,64
4294967278,63
4294967278,62
4294967278,61
4294967278,0
4294967278,260
4294967278,219
4294967279,85
4294967279,294
4294967279,563
4294967279,354
4294967279,562
4294967279,80
4294967279,74
4294967279,73
4294967279,72
4294967279,70
4294967279,528
4294967279,65
4294967279,64
4294967279,62
4294967279,61
4294967279,57
4294967279,292
4294967279,55
4294967279,540
4294967279,53
4294967279,51
4294967279,373
4294967279,49
4294967279,47
4294967279,299
4294967279,44
4294967279,42
4294967279,41
4294967279,0
4294967279,260
4294967279,36
4294967279,35
4294967279,291
4294967279,34
4294967279,268
4294967279,32
4294967279,31
4294967279,30
4294967279,28
4294967279,25
4294967279,281
4294967279,22
4294967279,298
4294967279,20
4294967279,352
4294967279,290
4294967279,545
4294967279,15
4294967279,336
4294967279,14
4294967279,515
4294967279,13
4294967279,333
4294967279,524
4294967279,259
4294967279,363
4294967279,572
4294967279,8
4294967279,7
4294967279,6
4294967279,5
4294967279,4
4294967278,354
4294967278,241
4294967278,346
4294967278,122
4294967278,121
4294967278,251
0,5
4294967278,120
4294967294,7
4294967294,5
543,6
543,5
543,4
543,3
543,2
543,1
4294967279,220
4294967279,548
4294967279,512
4294967279,218
539,5
539,4
539,3
539,2
539,1
537,7
4294967279,216
537,6
537,5
537,4
537,3
537,2
537,1
4294967279,573
534,6
534,5
534,4
534,3
534,2
534,1
4294967278,235
4294967278,233
4294967279,214
4294967279,326
4294967279,319
4294967278,231
531,6
531,5
531,4
531,3
531,2
531,1
4294967294,1421
4294967294,1424
528,5
528,4
528,3
528,2
528,1
526,4
526,3
526,2
526,1
525,6
4294967278,229
525,5
525,4
525,3
525,2
525,1
4294967294,1423
524,5
524,4
524,3
524,2
524,1
4294967278,227
523,5
523,4
523,3
523,2
523,1
4294967278,223
522,5
522,4
522,3
522,2
522,1
520,4
520,3
520,2
520,1
4294967279,368
4294967279,367
4294967278,221
4294967293,131
4294967293,130
4294967293,129
4294967293,128
4294967293,127
4294967293,126
4294967293,125
4294967293,124
4294967293,123
4294967293,122
4294967293,121
4294967293,120
4294967293,119
4294967293,118
4294967293,117
4294967293,116
4294967293,115
4294967293,114
4294967293,113
4294967293,112
4294967293,111
4294967293,110
4294967293,109
4294967293,108
4294967293,107
4294967293,106
4294967293,105
4294967293,104
4294967293,103
4294967293,102
4294967293,101
4294967293,100
4294967293,99
4294967293,98
4294967293,97
4294967293,96
4294967293,95
4294967293,94
4294967293,93
4294967293,92
4294967293,91
4294967293,90
4294967293,89
4294967293,88
4294967293,87
4294967293,86
4294967293,85
4294967293,84
4294967293,83
4294967293,82
4294967293,81
4294967293,80
4294967293,79
4294967293,78
4294967293,77
4294967293,76
4294967293,75
4294967293,74
4294967293,73
4294967293,72
4294967293,71
4294967293,70
4294967293,69
4294967293,68
4294967293,67
4294967293,66
4294967293,65
4294967293,64
4294967293,63
4294967293,62
4294967293,61
4294967293,60
4294967293,59
4294967293,58
4294967293,57
4294967293,56
4294967293,55
4294967293,54
4294967293,53
4294967293,52
4294967293,51
4294967293,50
4294967293,49
4294967293,48
4294967293,47
4294967293,46
4294967293,45
4294967293,44
4294967293,43
4294967293,42
4294967293,41
4294967293,40
